-77 321 8.0996
-77 322 8.0996
-77 323 8.0996
-77 324 8.0996
-77 325 8.1368
-77 326 8.0996
-77 327 8.1368
-77 328 8.0253
-77 329 7.8024
-78 173 7.9138
-78 174 8.0625
-78 175 8.1368
-78 176 8.0996
-78 177 7.9138
-78 178 7.8395
-78 179 8.0625
-78 180 8.0625
-78 181 8.0253
-78 182 8.0996
-78 183 8.2854
-78 184 8.1368
-78 185 8.0625
-78 186 7.9881
-78 187 7.8024
-78 188 8.1739
-78 189 8.0625
-78 190 8.0996
-78 191 8.2482
-78 192 8.1739
-78 193 8.2854
-78 194 8.1368
-78 195 8.1739
-78 196 8.3597
-78 197 8.1368
-78 198 8.0996
-78 199 7.8024
-78 200 7.9510
-78 313 7.9138
-78 314 7.8767
-78 315 7.9138
-78 316 7.8767
-78 317 7.6909
-78 318 7.6538
-78 319 8.0253
-78 320 8.0253
-78 321 8.0253
-78 322 7.9881
-78 323 7.9881
-78 324 8.0253
-78 325 8.0253
