-73 282 7.9138
-73 283 7.9138
-73 284 7.8767
-73 301 7.8395
-73 302 7.8024
-73 303 7.8024
-73 304 7.7652
-73 305 7.7652
-73 306 7.7652
-73 307 7.7652
-73 308 7.7652
-73 309 7.8024
-73 310 7.8024
-73 311 7.8395
-73 312 7.8767
-73 313 7.8767
-73 314 7.9138
-73 315 7.9510
-73 316 7.9881
-73 317 7.9881
-73 318 8.0253
-73 319 8.0625
-73 320 8.0625
-73 321 8.0996
-73 322 8.0996
-73 323 8.0996
-73 324 8.1368
-73 325 8.1368
-73 326 8.1368
-73 327 8.0996
-73 328 8.0996
-73 329 8.0625
-73 330 8.0625
-73 331 8.0253
-73 332 8.0253
-73 333 8.0253
-73 334 8.0253
-73 335 8.0253
-73 336 8.0253
-73 337 7.9881
-73 338 7.9881
-73 339 7.9510
-73 340 7.9510
-73 341 7.9510
-73 342 7.9510
-73 343 7.9138
-73 344 7.8767
-73 345 7.8767
-73 346 7.9138
-74 168 7.8395
-74 169 7.8395
-74 170 7.8395
-74 171 7.8024
-74 172 7.7652
-74 173 7.7652
-74 174 7.7652
-74 175 7.7281
-74 176 7.7281
-74 177 7.7281
-74 178 7.7652
-74 179 7.7652
-74 180 7.7652
-74 181 7.8024
-74 182 7.8024
-74 183 7.8395
-74 184 7.8395
-74 185 7.8767
-74 186 7.8767
-74 187 7.9138
-74 188 7.9138
-74 189 7.9510
-74 190 7.9881
-74 191 7.9881
-74 192 8.0253
-74 193 8.0253
-74 194 8.0625
-74 195 8.0625
-74 196 8.0625
-74 197 8.0625
-74 198 8.0625
-74 199 8.0625
-74 200 8.0996
-74 201 8.0996
-74 202 8.0996
-74 203 8.1368
-74 204 8.1368
-74 205 8.1368
-74 206 8.1368
-74 207 8.1368
-74 208 8.1368
-74 209 8.1368
-74 210 8.1368
-74 211 8.1368
-74 212 8.1739
-74 213 8.1739
-74 214 8.1368
-74 215 8.1368
-74 216 8.1368
-74 217 8.1368
-74 218 8.0996
-74 219 8.0625
-74 220 8.0253
-74 221 7.9881
-74 222 7.9138
-74 223 7.9510
-74 224 7.9510
-74 225 7.9510
-74 226 7.9138
-74 227 7.9138
-74 228 7.8767
-74 229 7.8395
-74 230 7.8395
-74 231 7.8024
-74 232 7.7281
-74 233 7.6909
-74 234 7.6538
-74 235 7.6166
-74 236 7.6538
-74 238 7.5794
-74 239 7.4680
-74 240 7.4308
-74 241 7.4308
-74 242 7.4308
-74 243 7.4308
-74 244 7.4308
-74 245 7.4308
-74 246 7.4308
-74 247 7.4680
-74 248 7.3937
-74 249 7.3937
-74 250 7.4308
-74 251 7.4680
-74 252 7.5051
-74 253 7.5051
-74 254 7.5423
-74 255 7.5794
-74 256 7.6166
-74 257 7.6538
-74 258 7.6909
-74 259 7.7652
-74 299 8.0253
-74 300 8.0253
-74 301 7.9881
-74 302 8.0253
-74 303 7.9881
-74 304 7.9510
-74 305 7.9138
-74 306 7.9138
-74 307 7.9138
-74 308 7.9138
-74 309 7.9138
-74 310 7.9138
-74 311 7.9510
-74 312 7.9510
-74 313 7.9881
-74 314 7.9881
-74 315 8.0253
-74 316 8.0253
-74 317 8.0625
-74 318 8.0625
-74 319 8.0996
-74 320 8.1368
-74 321 8.1368
-74 322 8.1368
-74 323 8.1739
-74 324 8.1739
-74 325 8.1739
-74 326 8.1739
-74 327 8.1368
-74 328 8.1368
-74 329 8.0996
-74 330 8.0625
-74 331 8.0253
-74 332 7.9881
-74 333 7.9881
-74 334 8.0253
-74 335 8.0625
-74 336 8.0625
-74 337 8.0625
-74 338 8.0253
-74 339 8.0253
-74 340 8.0253
-75 166 7.9510
-75 167 7.9510
-75 168 7.9138
-75 169 7.9138
-75 170 7.8767
-75 171 7.8767
-75 172 7.8395
-75 173 7.8395
-75 174 7.8395
-75 175 7.8395
-75 176 7.8395
-75 177 7.8395
-75 178 7.8395
-75 179 7.8395
-75 180 7.8767
-75 181 7.8767
-75 182 7.8767
-75 183 7.9138
-75 184 7.9138
-75 185 7.9138
-75 186 7.9138
-75 187 7.9138
-75 188 7.9510
-75 189 7.9881
-75 190 7.9881
-75 191 7.9881
-75 192 8.0253
-75 193 8.0253
-75 194 8.0253
-75 195 8.0253
-75 196 8.0253
-75 197 8.0253
-75 198 8.0253
-75 199 7.9881
-75 200 7.9881
-75 201 7.9881
-75 202 7.9881
-75 203 8.0253
-75 204 8.0253
-75 205 8.0625
-75 206 8.0625
-75 207 8.0253
-75 208 7.9881
-75 209 7.9881
-75 210 8.0253
-75 211 8.0253
-75 212 8.0253
-75 213 8.0253
-75 214 8.0253
-75 215 8.0253
-75 216 8.0253
-75 217 8.0253
-75 218 8.0253
-75 219 7.9881
-75 220 7.9510
-75 221 7.8767
-75 222 7.6538
-75 223 7.8395
-75 224 7.8767
-75 225 7.8767
-75 226 7.8767
-75 227 7.8767
-75 228 7.8395
-75 229 7.8395
-75 248 7.5794
-75 249 7.5051
-75 250 7.5051
-75 251 7.5423
-75 252 7.5794
-75 253 7.5794
-75 254 7.6166
-75 255 7.6538
-75 256 7.6538
-75 257 7.6909
-75 258 7.7652
-75 299 8.0625
-75 300 8.0996
-75 301 8.1739
-75 302 8.2482
-75 303 8.2482
-75 304 8.1368
-75 305 8.0625
-75 306 8.0253
-75 307 8.0253
-75 308 7.9881
-75 309 7.9881
-75 310 8.0253
-75 311 8.0253
-75 312 8.0253
-75 313 8.0253
-75 314 8.0253
-75 315 8.0625
-75 316 8.0625
-75 317 8.0625
-75 318 8.0625
-75 319 8.0996
-75 320 8.1368
-75 321 8.1368
-75 322 8.1739
-75 323 8.1739
-75 324 8.1739
-75 325 8.1739
-75 326 8.1739
-75 327 8.1739
-75 328 8.1368
-75 329 8.0625
-75 330 8.0253
-75 331 7.9510
-75 332 7.8395
-75 333 7.8767
-75 334 7.9138
-75 335 8.0625
-75 336 8.0996
-75 337 8.0996
-76 164 7.9881
-76 165 8.0253
-76 166 8.0625
-76 167 8.0625
-76 168 8.0625
-76 169 8.0253
-76 170 7.9881
-76 171 7.9510
-76 172 7.9138
-76 173 7.9138
-76 174 7.9510
-76 175 7.9510
-76 176 7.9138
-76 177 7.9138
-76 178 7.9138
-76 179 7.9138
-76 180 7.9510
-76 181 7.9510
-76 182 7.9881
-76 183 7.9881
-76 184 7.9881
-76 185 7.9881
-76 186 7.9510
-76 187 7.9510
-76 188 7.9881
-76 189 7.9881
-76 190 8.0253
-76 191 8.0253
-76 192 8.0253
-76 193 8.0625
-76 194 8.0625
-76 195 8.0625
-76 196 8.0625
-76 197 8.0253
-76 198 7.9881
-76 199 7.9510
-76 200 7.9138
-76 201 7.9138
-76 202 7.8767
-76 203 7.9138
-76 204 8.0253
-76 205 8.0253
-76 206 7.9881
-76 207 7.9138
-76 208 7.8395
-76 209 7.8767
-76 210 7.9138
-76 211 7.9510
-76 212 7.9510
-76 213 7.9881
-76 214 7.9881
-76 215 7.9881
-76 216 7.9881
-76 217 7.9881
-76 301 8.2111
-76 302 8.5455
-76 303 8.5083
-76 304 8.2854
-76 305 8.1739
-76 306 8.0996
-76 307 8.0625
-76 308 8.0625
-76 309 8.0625
-76 310 8.0625
-76 311 8.0253
-76 312 8.0253
-76 313 8.0253
-76 314 8.0253
-76 315 8.0253
-76 316 8.0253
-76 317 8.0253
-76 318 8.0253
-76 319 8.0996
-76 320 8.1368
-76 321 8.1368
-76 322 8.1368
-76 323 8.1368
-76 324 8.1739
-76 325 8.1739
-76 326 8.1739
-76 327 8.1368
-76 328 8.0996
-76 329 7.9881
-76 330 7.8767
-76 331 7.8395
-76 332 7.3937
-76 333 7.6909
-77 164 8.0253
-77 165 8.0625
-77 166 8.1739
-77 167 8.1368
-77 168 8.2111
-77 169 8.0625
-77 170 8.0253
-77 171 7.9881
-77 172 7.9138
-77 173 7.9881
-77 174 8.0253
-77 175 8.0253
-77 176 8.0253
-77 177 7.9510
-77 178 7.9138
-77 179 7.9881
-77 180 8.0253
-77 181 8.0253
-77 182 8.0625
-77 183 8.0996
-77 184 8.0625
-77 185 8.0253
-77 186 7.9881
-77 187 7.9138
-77 188 8.0253
-77 189 8.0253
-77 190 8.0625
-77 191 8.0996
-77 192 8.0996
-77 193 8.1368
-77 194 8.0996
-77 195 8.0996
-77 196 8.1368
-77 197 8.0625
-77 198 7.9881
-77 199 7.8767
-77 200 7.8767
-77 201 7.8767
-77 202 7.7652
-77 203 7.8767
-77 204 8.0996
-77 205 8.0253
-77 206 8.0996
-77 207 7.9138
-77 208 7.6166
-77 209 7.8395
-77 210 7.9138
-77 211 7.9510
-77 212 7.9881
-77 303 8.7684
-77 304 8.3225
-77 305 8.1739
-77 306 8.0996
-77 307 8.0625
-77 308 8.0253
-77 309 8.0253
-77 310 8.0253
-77 311 8.0253
-77 312 7.9881
-77 313 7.9881
-77 314 7.9881
-77 315 7.9881
-77 316 7.9510
-77 317 7.9138
-77 318 7.9138
-77 319 8.0253
-77 320 8.0625
-77 321 8.0996
-77 322 8.0996
-77 323 8.0996
-77 324 8.0996
-77 325 8.1368
-77 326 8.0996
-77 327 8.1368
-77 328 8.0253
-77 329 7.8024
-78 173 7.9138
-78 174 8.0625
-78 175 8.1368
-78 176 8.0996
-78 177 7.9138
-78 178 7.8395
-78 179 8.0625
-78 180 8.0625
-78 181 8.0253
-78 182 8.0996
-78 183 8.2854
-78 184 8.1368
-78 185 8.0625
-78 186 7.9881
-78 187 7.8024
-78 188 8.1739
-78 189 8.0625
-78 190 8.0996
-78 191 8.2482
-78 192 8.1739
-78 193 8.2854
-78 194 8.1368
-78 195 8.1739
-78 196 8.3597
-78 197 8.1368
-78 198 8.0996
-78 199 7.8024
-78 200 7.9510
-78 313 7.9138
-78 314 7.8767
-78 315 7.9138
-78 316 7.8767
-78 317 7.6909
-78 318 7.6538
-78 319 8.0253
-78 320 8.0253
-78 321 8.0253
-78 322 7.9881
-78 323 7.9881
-78 324 8.0253
-78 325 8.0253
